#time0row7[msb-lsb],time0row6[msb-lst],....,time0row0[msb-lst]#
#time1row7[msb-lsb],time1row6[msb-lst],....,time1row0[msb-lst]#
#................#
00000110000001100000000000000000
00000110000001000000000000000000
00000110000011010000000000000000
00000000000000000000000000000000
00000000000000000000000000000000
00000101000000000000000000000000
00001000000000000000000000000000
00000101000001000000000000000000
00000101000011010000000000000000
00000110000010010000000000000000
00000111000001100000000000000000
00000111000001100000000000000000
00000111000001010000000000000000
00000111000001010000000000000000
00000111000001100000000000000000
00000110000011000000000000000000
00000111000001110000000000000000
00000110000000000000000000000000
00000111000000000000000000000000
00000110000000000000000000000000
00000101000000110000000000000000
00000101000001000000000000000000
00000100000010000000000000000000
00000010000111110000000000010000
00000011000011110000000000010000
00000010000001000000000000010000
00000010000000000000000000010000
00000001000000000000000000010000
00000001000000110000000000010000
00000010000000000000000000010000
00000011000000000000000000010000
00000010000000000000000000000000
00000010000010100000000000000000
00000011000011110000000000000000
00000101000010010000000000000000
00000110000000110000000000000000
00000110000011000000000000000000
00000000000000000000000000000000
00000000000000000000000000000000
00000101000000000000000000000000
00000111000000000000000000000000
00000011000000000000000000000000
00000010000111110000000000000000
00000101000011110000000000000000
00000111000001100000000000000000
00001000000001100000000000000000
00001000000001100000000000000000
00001000000001010000000000000000
00001000000001000000000000000000
00001000000000110000000000000000
00000111000001100000000000000000
00000110000010000000000000000000
00000110000000010000000000000000
00000101000000000000000000000000
00000011000000110000000000000000
00000011000101100000000000010000
00000010000001010000000000010000
00000001000011110000000000010000
00000001000011110000000000010000
00000011000000110000000000010000
00000011000000000000000000010000
00000010000000000000000000000000
00000010000001100000000000010000
00000011000000000000000000010000
